    'ผักบุ้งจีน': [50, 30, 40, 31.0, 78.0],
    'กวางตุ้ง': [60, 40, 50, 28.5, 72.0],
    'คะน้า': [80, 45, 60, 27.0, 78.0],

    'ผักชี': [40, 35, 35, 24.0, 65.0],
    'กะเพรา': [35, 25, 30, 31.5, 58.0],
    'พริกขี้หนู': [20, 15, 20, 29.0, 52.0],

    'มะเขือเทศ': [75, 50, 65, 25.0, 68.0],
    'แตงกวา': [55, 40, 50, 29.0, 72.0],
    'ถั่วฝักยาว': [25, 35, 30, 28.5, 58.0],

    'ข้าวโพดหวาน': [90, 55, 60, 28.0, 72.0],
    'กะหล่ำปลี': [85, 50, 70, 21.5, 72.0],
    'กรีนโอ๊ค': [50, 35, 45, 23.0, 65.0],

    'ฟักทอง': [50, 35, 60, 28.0, 65.0],
    'หัวไชเท้า': [55, 35, 50, 20.0, 65.0],
    'กระเทียม': [45, 30, 50, 22.0, 60.0]